D =[
    0  	0  	0  	0      	31900    	49950    	111746        	152    	50008        	25116        	0        	46965        	0  
  	0  	0  	0  	0      	31900    	49950    	111745        	153    	50007        	25116        	0        	46974        	0  
  	0  	0  	0  	0      	31900    	49949    	111746        	153    	50008        	25116        	0        	46979        	0  
  	0  	0  	0  	0      	31900    	49951    	111746        	151    	50008        	25116        	0        	46989        	0  
  	0  	0  	0  	0      	31900    	49950    	111745        	151    	50008        	25116        	0        	46999        	0  
  	0  	0  	0  	0      	31901    	49951    	111747        	151    	50008        	25116        	0        	47009        	0  
  	0  	0  	0  	0      	31900    	49951    	111747        	152    	50008        	25116        	0        	47019        	0  
  	0  	0  	0  	0      	31900    	49950    	111744        	153    	50009        	25116        	0        	47029        	0  
  	0  	0  	0  	0      	31900    	49950    	111746        	151    	50008        	25116        	0        	47039        	0  
  	0  	0  	0  	0      	31899    	49951    	111745        	153    	50007        	25116        	0        	47049        	0  
  	0  	0  	0  	0      	31901    	49949    	111746        	151    	50008        	25116        	0        	47059        	0  
  	0  	0  	0  	0      	31900    	49950    	111746        	153    	50008        	25116        	0        	47069        	0  
  	0  	0  	0  	0      	31900    	49950    	111745        	151    	50009        	25116        	0        	47079        	0  
  	0  	0  	0  	0      	31900    	49950    	111746        	152    	50008        	25116        	0        	47089        	0  
  	0  	0  	0  	0      	31901    	49951    	111746        	152    	50008        	25116        	0        	47099        	0  
  	0  	0  	0  	0      	31900    	49949    	111745        	152    	50009        	25116        	0        	47109        	0  
  	0  	0  	0  	0      	31900    	49950    	111746        	151    	50008        	25116        	0        	47119        	0  
  	0  	0  	0  	0      	31901    	49950    	111745        	153    	50007        	25116        	0        	47139        	0  
  	0  	0  	0  	0      	31900    	49950    	111746        	151    	50008        	25116        	0        	47149        	0  
  	0  	0  	0  	0      	31901    	49950    	111745        	152    	50008        	25116        	0        	47159        	0  
  	0  	0  	0  	0      	31900    	49950    	111746        	152    	50008        	25116        	0        	47169        	0  
  	0  	0  	0  	0      	31900    	49951    	111745        	152    	50008        	25116        	0        	47179        	0  
  	0  	0  	0  	0      	31901    	49951    	111746        	153    	50008        	25116        	0        	47189        	0  
  	0  	0  	0  	0      	31900    	49950    	111746        	153    	50008        	25116        	0        	47199        	0  
  	0  	0  	0  	0      	31901    	49951    	111746        	151    	50008        	25116        	0        	47209        	0  
  	0  	0  	0  	0      	31900    	49950    	111745        	151    	50009        	25116        	0        	47219        	0  
  	0  	0  	0  	0      	31900    	49951    	111746        	151    	50008        	25116        	0        	47229        	0  
  	0  	0  	0  	0      	31901    	49950    	111745        	152    	50008        	25116        	0        	47239        	0  
  	0  	0  	0  	0      	31900    	49951    	111745        	152    	50008        	25116        	0        	47259        	0  
  	0  	0  	0  	0      	31900    	49950    	111746        	152    	50008        	25116        	0        	47269        	0  
  	0  	0  	0  	0      	31901    	49950    	111746        	150    	50008        	25116        	0        	47279        	0  
  	0  	0  	0  	0      	31900    	49950    	111746        	152    	50007        	25116        	0        	47289        	0  
  	0  	0  	0  	0      	31900    	49951    	111746        	153    	50008        	25116        	0        	47299        	0  
  	0  	0  	0  	0      	31901    	49950    	111746        	154    	50008        	25116        	0        	47309        	0  
  	0  	0  	0  	0      	31900    	49950    	111746        	153    	50008        	25116        	0        	47319        	0  
  	0  	0  	0  	0      	31900    	49950    	111745        	152    	50008        	25116        	0        	47329        	0  
  	0  	0  	0  	0      	31901    	49951    	111746        	152    	50008        	25116        	0        	47339        	0  
  	0  	0  	0  	0      	31900    	49951    	111746        	152    	50009        	25116        	0        	47349        	0  
  	0  	0  	0  	0      	31900    	49950    	111746        	151    	50008        	25116        	0        	47359        	0  
  	0  	0  	0  	0      	31900    	49950    	111747        	151    	50008        	25116        	0        	47369        	0  
  	0  	0  	0  	0      	31900    	49950    	111746        	152    	50008        	25116        	0        	47379        	0  
  	0  	0  	0  	0      	31900    	49951    	111745        	153    	50008        	25116        	0        	47389        	0  
  	0  	0  	0  	0      	31900    	49949    	111745        	152    	50008        	25116        	0        	47399        	0  
  	0  	0  	0  	0      	31900    	49950    	111746        	152    	50008        	25116        	0        	47409        	0  
  	0  	0  	0  	0      	31900    	49950    	111747        	152    	50008        	25116        	0        	47419        	0  
  	0  	0  	0  	0      	31901    	49951    	111746        	153    	50008        	25116        	0        	47429        	0  
  	0  	0  	0  	0      	31901    	49951    	111746        	152    	50008        	25116        	0        	47439        	0  
  	0  	0  	0  	0      	31900    	49951    	111746        	151    	50008        	25116        	0        	47449        	0  
  	0  	0  	0  	0      	31900    	49951    	111745        	153    	50007        	25116        	0        	47459        	0  
  	0  	0  	0  	0      	31901    	49950    	111746        	151    	50008        	25116        	0        	47469        	0  
  	0  	0  	0  	0      	31900    	49950    	111746        	152    	50008        	25116        	0        	47479        	0  
  	0  	0  	0  	0      	31900    	49951    	111746        	152    	50008        	25116        	0        	47489        	0  
  	0  	0  	0  	0      	31900    	49951    	111745        	151    	50008        	25116        	0        	47499        	0  
  	0  	0  	0  	0      	31900    	49950    	111745        	152    	50008        	25116        	0        	47509        	0  
  	0  	0  	0  	0      	31901    	49950    	111745        	152    	50008        	25116        	0        	47519        	0  
  	0  	0  	0  	0      	31900    	49950    	111745        	152    	50008        	25116        	0        	47529        	0  
  	0  	0  	0  	0      	31900    	49951    	111746        	152    	50008        	25116        	0        	47539        	0  
  	0  	0  	0  	0      	31901    	49950    	111746        	152    	50008        	25116        	0        	47549        	0  
  	0  	0  	0  	0      	31900    	49950    	111746        	153    	50008        	25116        	0        	47569        	0  
  	0  	0  	0  	0      	31900    	49951    	111745        	152    	50008        	25116        	0        	47579        	0  
  	0  	0  	0  	0      	31900    	49950    	111746        	152    	50008        	25116        	0        	47589        	0  
  	0  	0  	0  	0      	31900    	49951    	111746        	152    	50009        	25116        	0        	47599        	0  
  	0  	0  	0  	0      	31901    	49950    	111746        	152    	50008        	25116        	0        	47609        	0  
  	0  	0  	0  	0      	31900    	49951    	111746        	152    	50008        	25116        	0        	47619        	0  
  	0  	0  	0  	0      	31901    	49950    	111746        	153    	50008        	25116        	0        	47629        	0  
